,address,headquarters,industry,market_cap,name,number_of_employees,revenue,telephone,website
address,1.0,0.045454545454545456,0.0,0.0,0.0,0.034482758620689655,0.0,0.0,0.0
headquarters,0.045454545454545456,1.0,0.0,0.0,0.0,0.029411764705882353,0.0,0.0,0.0
industry,0.0,0.0,1.0,0.0,0.0,0.0,0.0,0.0,0.0
market_cap,0.0,0.0,0.0,1.0,0.0,0.0,0.0,0.0,0.0
name,0.0,0.0,0.0,0.0,1.0,0.038461538461538464,0.07142857142857142,0.0625,0.07142857142857142
number_of_employees,0.034482758620689655,0.029411764705882353,0.0,0.0,0.038461538461538464,1.0,0.0,0.0,0.0
revenue,0.0,0.0,0.0,0.0,0.07142857142857142,0.0,1.0,0.05263157894736842,0.058823529411764705
telephone,0.0,0.0,0.0,0.0,0.0625,0.0,0.05263157894736842,1.0,0.05263157894736842
website,0.0,0.0,0.0,0.0,0.07142857142857142,0.0,0.058823529411764705,0.05263157894736842,1.0
